R.earth = 6378.137; %km
ecc.earth = 0.0818;
omega.earth = 7.292115856e-5; %rad/sec
J2.earth = 1.0826e-3;
%% Mu
mu.earth = 3.986004418e5;
mu.sun = 1.32712440018e11;
mu.moon = 4.9048695e3;
mu.mercury = 2.2032e4;
mu.venus = 3.24859e5;
mu.mars = 4.282837e4;
mu.jupiter = 1.26686534e8;
mu.saturn = 3.7931187e7;
mu.uranus = 5.793939e6;
mu.neptune = 6.836529e6;
mu.pluto = 8.71e2;

%% Dis from Earth
dis.sun = 1.4959965e8;
dis.moon = 384400;
dis.mercury = 91691000;
dis.venus = 41400000;
dis.mars = 78340000;
dis.jupiter = 628730000;
dis.saturn = 1275000000;
dis.uranus = 2723950000;
dis.neptune = 4351400000;
dis.pluto = 7500000000;